-0.7932470790722368
0.32394055744590444
-0.15448714151882825
0.1519832388651461
-0.18417040386817418
0.9495668257775975
-0.10840889763360928
0.10750810625828988
-0.9433853604191267
0.06916319653491376
-0.060541439596968116
0.9560250983584409
-0.5203206402478016
-0.31911080969397276
-0.8650891747220244
0.32864034193725233
-0.3298540774750116
0.9030627051333036
0.5007874344131469
-0.27219847127914276
-0.689942356404023
-0.6986802437757502
0.7386600261404237
0.8272949411704427
0.30926189620586464
0.48970885754700055
0.5009332164695843
0.25377863313953886
0.013177048706121797
0.130497920790142
0.7207418625195818
-0.6461129493153783
0.495243154039434
-0.17988596616198205
0.5258524041300574
0.009796398687988095
-0.9968944762955418
0.3138480399451131
0.38610880018155447
0.3187549502476179
0.06777271536550056
0.6108886853028301
0.9096972030769432
-0.6543226363217827
-0.9953179405723673
-0.04067024826594312
-0.03190135472080091
0.1337340888777534
0.009924097132123944
0.6812281395673807
0.47631509011028594
-0.16388181588606776
0.31368523868965514
-0.28766482215260925
-0.990801386667379
-0.5835702444193245
0.9794968244013305
0.7279416981564144
-0.7088569512596508
-0.5072079374576943
-0.13996393122862893
0.6183357084609689
-0.0491693865622882
0.29285708691919177
0.7108866039780766
-0.8160432729907425
-0.5245368045270042
0.11622056262413061
-0.5876202074919978
-0.22092250807968972
0.3219956136129356
0.9106484207256487
-0.43806583381821484
0.240479429309725
-0.7012415216932906
-0.033094828554545375
-0.3489266537814022
0.12867390908000376
-0.38088944074140874
-0.35853356278619897
-0.18045591529292082
-0.025520701194897022
0.8181345275519896
0.08072243189948125
-0.19170411541507582
0.03308169681912654
0.6384874686702819
-0.12237835907533845
-0.13823560512957078
-0.4979465069561906
0.5647936966951261
-0.13744965107548457
0.5084660098430649
-0.41744233026639144
-0.3698095971655706
0.40413344498537196
-0.255552495204177
-0.004610384499685205
0.016365237119394527
0.45510445675220934
-0.0924449759599486
0.5708870567242006
0.8314390337453346
-0.5450797911154843
0.35375134577695455
-0.0958973590599348
-0.06770392682827242
0.34259195772206796
-0.4871908349829852
0.33279268240207593
0.49627446159765065
-0.379899508757668
-0.08558284125587035
0.643251275243913
-0.02885815803953795
0.19986211361352124
0.8306338598964131
-0.6211567916873513
-0.3451253393559899
-0.9931206974333353
-0.3175702923792374
0.31812298375288295
0.404766819286867
-0.09128332972149567
0.9271279618727075
-0.2416076805386267
-0.7537294456620893
0.401994224284532
-0.9225027585843519
0.06238976829726672
-0.7908070224703447
0.16153493366993543
0.8822862783734735
0.45239672561769106
-0.17853269809165084
-0.5129094277151718
-0.11671297376272172
-0.08077646776113179
0.52352215639174
0.1527230812851499
0.5637325795071779
-0.33915990114014627
-0.47106829902289515
0.22672893012847184
0.5996147984297577
-0.7187547597299588
0.3109622849705107
0.527516166087959
-0.0757435851929491
0.03588837635398834
-0.23436473336614472
0.49591169744158425
-0.937147106397251
-0.2239948053905365
-0.1048698964484358
-0.06509705137183408
0.3268579947645722
-0.42487634194004564
-0.1745879735142668
0.19757848938551836
0.44085729592386946
0.2053294108990933
0.19859143365284138
0.9940387279234646
0.6401066210909332
-0.2375253273620277
-0.9016754795506261
-0.15900411410366933
0.3883912191201042
0.9966888357893919
0.19561621904408977
-0.15941415294991068
-0.32095509094099306
0.2909338352671609
-0.08663106754441285
-0.31860980955819684
-0.28155197746103355
-0.7131565467069947
-0.5041127188351484
0.9545790747006653
-0.003426302907541201
-0.24871022949873844
0.6701287706219579
0.46677056421532903
0.4582229550330872
-0.189668155417537
0.44878730321971116
-0.07558145352459755
0.7389060429526959
0.357006106831798
0.9903360742374743
0.4281885458669217
-0.7818678708840554
-0.4637419173692683
0.07988403243707998
0.9930624189706505
0.20426494143391705
0.25593745092527787
0.9571270679518786
0.2641908065182972
-0.2535635464353121
-0.6101228381652573
0.19848134955055996
0.287332141544578
-0.11463715496150884
0.4201469557235411
-0.5144873945606665
-0.7823784191826104
-0.20846146689152878
0.032938924105110345
0.052490703337816136
-0.05136606864692883
-0.3499127133257065
-0.33240095151423943
-0.06162296073368423
0.14931348188687643
-0.06153377648083369
0.4141036003627445
0.43514250261369947
-0.98963297257132
0.9614287188937332
0.3396651519284597
-0.07537240328695782
0.23736371084853958
-0.11582924286654461
0.5179540521765482
0.2109470989453408
0.6603247104072874
-0.7325785418422968
-0.4195948291931302
-0.6237357311503018
-0.08748629277106801
0.0017031423311630878
0.1717774136991448
0.910351028248497
-0.1381780871982432
-0.48032544089183826
-0.6407386840628269
0.19923700163598101
-0.43632012013595434
-0.6867296418821773
-0.9516544614670386
0.010951327108878584
0.024967612308672615
-0.33742031656476934
-0.6052108228851416
-0.42116668911597355
0.11776088178093369
-0.6288372170018748
-0.7468498422856831
0.5346153430587768
0.6162415120014533
-0.5258593792176989
0.05584719066021826
0.08308317575188462
0.19423457472639494
-0.9124278618848267
0.032306201873606444
0.6428980229737675
0.4565503707298486
-0.3343368081992113
0.982979450706086
0.5354994745763715
-0.512659862559171
-0.6418843859776071
-0.04636492546938897
0.20349268150278732
0.6233390012206075
-0.28939107175021817
0.36189958975721503
-0.5818191826868051
-0.19419301431136415
-0.09162990659999926
-0.7805889351359221
-0.9668159801940768
-0.051133923089152766
-0.19729086535099483
0.17423048104355465
-0.0737533489230664
0.11025891993077863
-0.2534810915734407
0.5553428137689065
-0.5617099853203005
0.3550512744217136
-0.7767140501306788
-0.9708919364253401
-0.3533516937023493
-0.34535870745132824
-0.8752402749243007
0.5838509898798308
-0.13173399659431784
0.36390594252277597
0.19397785262434697
-0.091851603084111
0.566114801237739
0.2828841666439963
0.20299940267536387
0.42542770841611044
-0.4100892247494843
0.4012982063005399
0.028052270081904584
-0.7070941743137054
0.05907982721725591
-0.03977715991264197
-0.34066951437348103
0.3292851071678895
-0.4202259896706988
-0.572028016348286
0.45718837252424827
0.3611089357004327
-0.1251470182129204
-0.6611939355058476
0.6881727902464492
0.18901940567182018
-0.4473410391305732
0.2919267340716749
0.9423741888249126
0.09556315385606928
-0.2899254988814457
0.2172249272294109
0.8610713281680082
0.3574001722629263
0.8000521239413025
0.18765886517354802
-0.19491537709124462
-0.6536626000793855
0.7430689551361673
-0.40820191572417963
-0.6657827212141039
0.2344419213504061
-0.1290382901764422
-0.04603689638478925
0.39416314331913216
0.03023023591501106
0.04756175040277788
-0.8024629276244359
0.04398688145853136
0.028679837214921067
0.08327906711454292
-0.008744727323432011
-0.5089348719980595
0.0038112589245600237
-0.2589934532910867
0.07859685988208542
-0.34932963792502125
0.9757673702877725
-0.592128004489475
-0.39045777165911444
-0.4159409741964759
-0.96508087914086
-0.659612397023716
0.006937018598016209
-0.16197792787736653
-0.046723515065661525
0.29374935297261695
-0.7728761453278565
-0.18003427505776282
0.39393994762184237
-0.390053565037481
0.0155963651367923
-0.06809127828314265
-0.13596886119575413
-0.5781732631627159
-0.7725959807922786
-0.24874479128422577
0.4529821706071746
-0.04784030120490046
0.32936866625929895
0.352357481579169
0.12548614603988906
0.0677944557383483
0.5187295419914122
0.7424693723852298
0.8461337028895983
-0.9733284839161243
-0.7090564696411024
-0.6354900310822706
-0.06459675855948865
0.6381396935132004
-0.8561900966764431
0.31952563826430724
0.15285062819630113
-0.09096305108340585
-0.026395821956105348
0.6135429428292851
-0.17357331513539553
-0.34990911688426096
-0.36731760632238264
0.10707501588543344
-0.09747734993222568
-0.5262395256183754
0.373873465965727
0.6656664329855497
-0.21943826465263738
0.4303760113426385
0.4178268331776025
0.7096903029412303
-0.591230962573049
-0.4044255379980779
-0.305725574597947
-0.5848498679991188
0.9187630100120328
0.4366023365373344
0.6721287487938348
-0.4284572860827014
0.2562063165686461
0.24145557526707329
0.3292498235181711
-0.6232610190972383
-0.3662704918960842
0.23029825538897009
0.03782259195695192
-0.705442416554251
-0.2569847269574066
0.4421705403570577
0.1340587761391121
0.42054461329905113
-0.29755288893865606
0.5643192792323792
0.9962284766274467
0.7958970113108181
-0.28651727205982414
-0.5056075905837378
-0.9187315780136085
-0.5059830834440728
0.6722089999031904
-0.26208073745760485
-0.10991231114317812
0.04087911531126376
-0.6363912504374201
-0.262830746890522
-0.029299820695369183
0.01249162733801601
-0.7352376412839918
-0.04301397387867234
-0.38597500531391216
-0.325805299617111
-0.17179058399972003
0.26780782490151833
0.05226453994686264
0.4438188267185137
-0.1789294204738141
0.40967652778174823
0.8762879289378349
0.32508043803561404
0.5583841960451159
-0.24442134362520962
0.3762265901722135
-0.6332315347613435
0.08218448999695194
0.3185655628729833
-0.8281654040694466
-0.06621156731592737
-0.46693233904018494
-0.3170774406893564
-0.6792602793321354
-0.43845644278226725
-0.2950277702750621
-0.22243007937095016
0.18414347644903972
-0.2304150035325392
0.8608947464916383
0.6866888466678331
0.4294048895851681
0.5176809738233676
-0.15605339256820439
-0.05959157183370256
-0.35431737175877953
0.7153351784788307
0.24054309372963556
-0.4818643652314092
0.8133084714368368
-0.920905438774154
-0.013442194115840467
0.21593148601605305
0.4616076258917443
0.10231970019564418
-0.029946712519302254
-0.33697072535117134
-0.7471206672267923
0.45283159576084775
-0.963024860916756
0.8186102222500182
0.32869833502417567
0.8625964103143435
0.3467910094031794
0.5622694903748127
-0.9095769385183325
-0.3959919127443261
0.43004438459083105
-0.5551575642684885
-0.8718877031145764
0.4698850057972781
0.14189844815560315
-0.26978044660164446
-0.5608392725526445
-0.40127303231811995
0.5493396129134134
-0.3948733622132903
-0.2630155050685363
0.052753039922001976
0.326005073598183
0.3548001370834606
-0.3032982598667935
0.3176390795509092
-0.01359994832917133
0.04888958073418892
-0.5794844405210464
0.4572724901857723
-0.8737438945479312
0.3586605472402218
0.7864908970995619
-0.9488699746462406
-0.033150905206219994
0.5458442556279841
-0.016335985850165047
-0.9112840166651461
-0.037580281826403716
-0.4544684092480318
-0.14032392974643115
-0.15297262894131758
-0.3634435556823221
0.5483879220553713
0.30377387420889446
0.23807816569785878
-0.990620463810566
0.21013690896145754
-0.6769302858695581
0.592237269803713
-0.7103848137372777
-0.08958446351496407
-0.07983758409517439
0.2596441160763294
-0.45960908624824204
-0.863265881434435
-0.2748004632055303
-0.4539013909807914
-0.4790662402310708
0.13223455365572745
-0.21720595449647018
-0.26427579169180837
0.05339405526236729
-0.222749309710899
-0.09671725963122468
0.4788191399538475
0.41084107422468796
0.7787504572258017
0.24495858685129912
0.01683240352301807
-0.9525322117752586
-0.20023968705198447
-0.3554174052725543
0.3096304049430223
0.7710464335050142
-0.49594302051434425
0.3795670982402628
0.32262868665152955
-0.05283400045978359
0.2397877306986449
-0.8580399976996076
-0.7579353365496084
-0.5254517638585681
0.1480512029385066
-0.440701606753638
0.21365687703933745
-0.4812583796808878
0.978067573097777
-0.5674767305129285
0.4386280249427015
-0.2778547571162979
0.2422413273530808
-0.5536953758747059
-0.2192179995196113
0.18194539132487164
-0.27404544011774745
-0.2787237603026269
-0.5054313391166465
0.29125693101989336
0.16287438423023692
0.783477225564366
-0.1168259587422329
0.18253039397448378
-0.4464410576846407
-0.06311335812627328
-0.03478047900651937
0.07908577728269361
0.04870730744259055
0.3078522387117866
-0.1941082534308034
0.051514057794300294
-0.2963653509701585
-0.3026956290893841
-0.47993631464785436
-0.20240819879989935
-0.08281236871547093
-0.31712937264901786
-0.02894879990002397
-0.15516699277300416
-0.9153676496641145
0.4497712925710058
0.14347548983492042
-0.5617130175777694
-0.0866502008390928
0.6904135053546578
-0.3497012454998656
-0.2820489036068621
0.692195312854748
-0.7696656232851313
0.17509790307290052
-0.10470382893176855
0.4383151884866754
-0.37468091109766544
-0.3300386012449581
-0.05223552415299526
-0.004762187888005975
-0.6783922978038879
0.06978932907214119
-0.05462619846118422
-0.07424204503065224
-0.42915260232208396
0.04896974377626995
0.020141574710655696
-0.5336466764114565
0.11442070222651313
0.8596862262992657
-0.2325249890932024
-0.7535665408632697
-0.43956897448576915
-0.9677926559640899
-0.44058678428350273
0.5753302232975883
-0.17097052506606025
0.17566801145684963
0.13044646829528195
-0.11922700990001522
0.9643441087090538
0.17119548176670252
0.5413257396402367
0.9775937474555851
-0.28811198744091704
0.7935359638758341
-0.47322136052145836
-0.2528602513285112
-0.05053952894621938
0.967189905317146
0.03803123233439787
0.9445346708127669
0.21708732043335788
-0.09095125187811859
0.5913732435127224
0.2101585787751279
-0.5136937795204148
0.18088276879926268
-0.2775070829456747
-0.4190057974000694
0.7850055530687585
0.17714806136278538
0.8558927753752548
0.6340329183791586
0.3358824113213632
-0.9968540460162025
-0.9890568206775994
0.5865010455369428
-0.1172021414724731
-0.5770608415497631
-0.2937476865216806
-0.1154766279412498
-0.001907523554993018
0.30716439923553973
0.39332977779448064
0.06853466222857185
-0.22761449613434248
0.15897615429479006
-0.08121962253136261
-0.825252582775239
-0.4128747124850849
0.33573247563472064
-0.19496231473513093
0.40007544167719655
0.15563375380178823
0.0450828076263472
0.026927388421515985
0.06728256331369686
-0.4891455519965813
-0.17904124177945135
0.24826264576455515
0.06983872904481814
-0.4420043290329916
0.19597607242672965
-0.14986339671220983
-0.05692328939183389
-0.581935462864478
-0.3299507770998862
-0.2597536523558228
-0.43118995179146746
-0.5846476237013216
0.366340149455296
-0.6190761612414444
0.09902487360188306
-0.1317963122470207
0.25938104671524953
0.8075937512113429
0.013733481876993192
0.38327071430122417
-0.6415957912822885
0.9189170567202332
-0.7471543407298753
0.35469185700898076
-0.12219416954761142
-0.40658103118869215
0.9506773563694335
0.24036263487364407
0.3090753133331572
0.43965169546888005
0.8575903753844016
-0.7516903664427024
0.38620827888198583
-0.5332564388487058
0.3407762795700089
-0.9168668218775899
-0.7874252961489556
0.9915780347552541
0.1028341615557089
0.1656178840983047
0.18980685417425347
-0.4605273056430257
-0.9484546695150662
-0.04648073887582416
-0.10502909742419964
0.586353243801399
0.006428988606536734
0.049280420895656984
-0.5010427346865152
-0.2892349422997238
-0.7797550638166568
-0.43911641167223947
0.5915297643220176
-0.21022696207032432
0.27394908185580014
0.28340182304411554
-0.727925478776208
-0.6003587446460288
-0.987213105335011
-0.12182143104332877
0.3003223053226267
-0.6635351679624206
0.8181426450867393
0.4039949598580346
0.49529738846234106
-0.8772066125089213
-0.23707315294368736
-0.04175934395931691
0.17069284568641518
0.68475356573287
0.3934658971131837
0.48652043030804526
0.04373453605403288
-0.259076327215521
-0.10269958607654917
-0.3871162209551373
0.3067386287804088
0.12325328263049773
-0.13853083784654263
-0.28334755756505414
-0.429174235545557
-0.948662926227869
0.2910939450521528
-0.6105378480935972
