-0.5657847288821443
-0.34665134855112445
-0.3235071389019528
-0.22205279184714555
0.4302598824956858
0.5739478591672766
-0.18740036881487088
-0.21361540052396855
-0.4867826441441563
-0.14076109825408567
-0.2907675807704686
0.5765692415728425
0.23551768685592056
-0.37734041162190946
-0.7932327933472851
0.17243108513308658
0.23932458225912678
-0.130680966072525
-0.4241906751694693
-0.5547442200200388
0.4626640318978046
0.6741834093626502
0.9907010817171347
0.8054087177570153
-0.07335625324676509
-0.6139115242303199
-0.2118117524842702
-0.0820637680078895
-0.33068959569849277
0.5273289499706475
-0.0057752820767202895
-0.5847929314555982
-0.28150938448940144
-0.26714067565331456
-0.5091269272321968
0.09988148624997795
-0.08148004634025807
0.3615311677309778
0.5908815598275143
0.18368320122352677
-0.11288933996523687
-0.09490844350619088
-0.9850062833545437
-0.12835605708612352
-0.4279104164625205
-0.010858445681574569
0.10022855777836792
-0.6181471009911506
-0.6128800050229262
-0.7216646079735456
-0.3984236283543148
-0.27418990111711783
0.030352085215515467
0.1017526624922589
-0.9928426514818733
0.3685771627663841
-0.509168187547862
-0.47639113838237535
-0.2881730982008759
-0.23185787663902757
-0.4558635189678899
0.8118432289783637
0.11629306947884155
0.7636643198444666
0.03426686851066729
-0.9927293626003029
0.07020175608734647
0.3546113634723307
0.3962522141679803
0.237284114921134
-0.3340296589530971
0.3507135040835876
0.20544602351274333
0.1429663979311817
-0.4575842742098364
-0.6206235704248535
-0.012692132116349786
-0.05669698871900297
0.005408565159708445
0.4846639631332079
0.3495714037735991
0.6804519972068972
0.01900556135136
-0.22911743852201494
-0.2826402758115305
0.11300258953092279
-0.16145471604529682
-0.0323356951279421
0.005354262821831712
-0.9431843547700747
0.19235267608709639
0.666624763579553
-0.2669185274241108
0.3361587426555408
-0.9741140410650639
-0.19439183765883294
0.2722625637124394
0.9543536959401748
0.8688503277603368
0.46839513066175953
0.16281193360698776
-0.3024317789917732
-0.49961401031085084
-0.5815944874722063
-0.4169419114268442
-0.10641916616191449
-0.6649425419543327
0.4902072587854269
0.04865718896541993
0.010700798213010287
-0.34322959990364765
0.42299592718554035
-0.2475868532832115
-0.07281427439514099
-0.40654137742835306
0.28915348577928324
-0.07494450255036655
-0.9413683556536372
-0.9714515958170871
0.683160196074371
0.23312616846338763
-0.2397692308004229
0.20693002521974968
-0.27471960286198316
-0.2854922898289749
0.4630484706150322
-0.2194920109444356
-0.5373975595954181
0.3980382405134557
0.03664925894616622
0.5651400621657636
0.536964194271722
0.36375293193190905
0.8978505207851251
0.5267124088048527
-0.37947252327836045
-0.3199537498850691
0.5876342132973842
0.2930635267624122
-0.38862923824642537
0.3662494766304567
-0.354236715767033
-0.008351584236587772
0.26817488532289757
0.9997498562882281
0.17985063979878269
0.01660300918807378
0.5935162104612428
-0.9076782523166536
-0.00452937479486426
-0.42016388320886455
0.05607820994914725
-0.9179843501340896
-0.2311969011197097
-0.8360724882356139
-0.28095830217199436
0.5820169052288346
-0.610782767834644
-0.4864950590076593
-0.3739084459530033
0.10228002711159978
0.1054557645447931
0.764272449010547
0.34823196212897134
-0.1990642047647777
-0.3896203187694014
-0.8684263516583417
0.43659127666295294
0.1313545612832554
0.2576847940567728
-0.034437715007681335
-0.0037324434397116857
-0.4935290032727342
-0.06758764299676878
0.5054226076988106
0.9176331946711862
-0.6659734292402546
0.41832278714766113
0.1033506959599777
0.9985768126627632
-0.13152509402234558
0.8886724559111985
0.2591169985425865
0.6942002005908665
0.07526352567688033
-0.14968628154897323
-0.5446089381447279
-0.1753787493740624
-0.3275082493586883
0.09878860066418516
-0.49058911893510193
0.025920070894099423
0.5209609234376957
0.06151506702667331
-0.17926527948325366
-0.23702903313702461
0.3208407395355306
-0.6343612043587883
-0.04773969155987601
-0.3746300681117609
-0.45470326854923915
-0.127839308626444
0.3597170878646976
0.8156591927679553
0.981083825324724
0.3234541792960812
-0.17610908897287247
0.10806910411938841
-0.13868328560598542
0.2540380688590216
0.870884472880852
-0.28278935714396103
-0.308597113338257
-0.5192929356052574
-0.08596882625416491
0.2021499663303321
0.1923806213481738
0.8023357579330204
0.4322234271486578
-0.5670897073682226
-0.09597974512345453
0.6368828474920543
-0.23590514288322795
-0.0063055570554417795
-0.5458445805506886
0.6901851282090787
-0.4218108414697439
-0.1120626985861417
-0.04069842454623607
-0.2807043760656103
0.305346481056475
0.7420341275519897
-0.6561824253299919
0.4512118206139808
0.875540078168286
-0.25938528379102377
0.12765504725750065
0.104443098563338
0.5744518993281467
-0.08284166794767445
-0.016055211568526406
-0.3551390082668915
0.30021609495298396
0.10850068497061782
0.25857754753592865
0.06905557462807765
0.7720471199775067
0.10171252643914985
0.5842539073166804
-0.04762966306545313
-0.3895647230682402
0.4591210397783916
-0.920488483705916
-0.20165578449844368
-0.08162253731996993
0.4015286275169483
-0.042667699645301704
-0.31937999332599354
-0.4471488568955948
0.460390672609573
-0.6817037511738933
0.9715022266785083
0.7378051602339424
-0.4004822390211824
-0.24311190779467595
0.7614567739948086
0.008108227436006477
0.14922387222827638
-0.2806219883175509
-0.009630645276184735
0.9910221548130413
-0.42868403302361036
-0.02207711493351705
-0.8418841307992755
-0.969860328664345
-0.2803605809311973
0.2603779236384427
-0.9955267596320954
-0.2596276202076133
-0.6504516234698245
-0.33614690383416757
0.18847080448480447
-0.04475028699788197
0.006213541418986113
-0.8419110757953361
-0.12795442339048035
0.31214278947158847
0.4104338640581062
-0.6851575632279119
-0.3728983704835849
0.2333671908272541
-0.3100344203107397
0.4427665470244284
0.4593087078173146
-0.8943806869050772
0.050236810178880154
-0.5870861526807789
0.057841912369830606
-0.2733951742203766
0.2620372187705102
0.26230096992194896
0.8814945495974884
0.31016494674484885
-0.3891617905507161
0.24491463072817043
-0.4677667365118501
0.23018257435074885
-0.010958265781849663
-0.9467672891633354
0.24043732986618616
0.34046551529853564
-0.288062780933253
-0.12119960393408125
-0.09347949541902101
0.263986662516591
-0.004966253066202908
-0.33589359371032734
0.022776852966857275
0.804346549423921
-0.6412150579133942
0.351279679720095
0.09032865852878591
0.8882055663789274
0.17883796747720893
-0.6613882977944363
0.600159728323181
-0.4617952435877175
0.23788273839608065
0.7646692017092591
-0.10760936994864245
-0.2965934490654818
0.06907958788091784
-0.15846402016349548
0.344135684947789
0.5682216851359738
-0.04583925217957541
0.291647404283494
-0.4278899565355303
-0.3846366678466606
0.47575459827836664
0.13736804629985988
-0.47091055927401904
-0.1593797471915246
0.38367281477057413
0.7498855710025667
-0.18907538181716643
0.6686291408543876
-0.25693589128512584
-0.6438053136467916
-0.43439212110783476
0.051050461004651604
0.7462596101383852
0.22452196879519182
-0.40438562882343887
0.3669863842720127
0.4179021010902857
0.36814192836379256
-0.7739126130382026
-0.8734539098401293
0.7074795854307263
0.2323965337410312
-0.8670646996162461
-0.9469154807485267
0.29826399840748974
-0.3332659660033306
-0.7740524931029475
0.2529183689196435
0.11198008906234236
0.44567420517805534
-0.12750889598584103
0.5577511519637821
-0.10754981670758834
0.1765477124864201
-0.7659206283767725
-0.6386726437939716
-0.7269702527085349
-0.9325728204562147
-0.10388731873355428
-0.038945719706351856
0.03787534755417021
0.6999316849019819
0.05345582668074367
-0.374469294164095
-0.041476270831976025
0.051698204599071484
0.9298347712558792
-0.359261175307819
-0.2777946828993434
0.34050080297457685
-0.3248327900940371
-0.40888359822387144
0.6402580496065631
0.5332039336182359
-0.02061707866612217
0.513409109087599
0.49169292847750845
0.020256344245677793
0.5838081660639065
-0.3402701000123942
-0.4923562698246995
-0.1380078798767006
0.9885827984660955
0.11772447372780803
-0.6622586989422705
0.48898874665327186
0.0025612201054647787
0.30893067873832103
0.0009958707821147161
-0.012769819949169925
0.7646659230939614
0.28049561482173724
-0.4241789436669321
-0.2375251706156829
0.0838596905415181
0.5966573870761149
0.1394570830513897
0.37352784749522305
0.788051551984366
0.5422826302509252
0.13130743537894296
0.6903610070089734
-0.7995073912039374
-0.5606550571319768
-0.9397527408377806
-0.06391237033326003
0.06508012625175486
0.2709676704170729
0.6108114956268462
0.09624591941542415
0.299860420813137
-0.6048262321620208
-0.24001685020089902
0.9801921697470708
-0.6057811126114068
-0.29389404964813237
-0.6056761868514324
0.15516514316402952
0.9673050447627374
-0.9781282348223379
-0.9508871135042383
-0.21704687649419885
0.1317760120860787
-0.32529808419444906
0.8931572120063329
-0.8456642849739835
0.5705877961166248
-0.13309576699742598
0.03539164233137426
0.18928443360335967
-0.19011349848110748
0.08236551761152011
-0.08517086323548373
0.12257170185712862
0.645893320073238
0.08640112349363349
-0.5446826107329232
-0.19935132604015093
-0.12079383065692095
0.3737080776282051
0.6761181453711467
0.08789507887554682
0.06246270948044241
0.7146863101183676
-0.6397785698539769
-0.5763717894845621
0.33110220887768493
-0.3046135467886588
-0.06411987887944703
0.5981613782382194
-0.16725331594151083
0.3558377990380679
0.1960463260262113
0.2008261296286309
-0.40161165895289885
-0.08705726302057348
-0.22682368965789834
0.14405347402744084
0.022467768369307972
0.1788327329574313
0.008985831638198771
0.4069286083540422
0.06731191541731163
0.013995429272672055
-0.26605880992675734
-0.5976473913447176
-0.25775903329621697
0.5042624797914872
-0.920875723451122
-0.8541636312417826
-0.2009512556652937
0.35703235396054644
-0.7596004004562027
-0.4849309446054946
0.0021244209200490527
-0.10759323082948136
-0.29560923607529155
-0.25533647248278046
0.3466291573100404
0.2462920656224461
0.7541376368587296
-0.03699064369445404
0.6851116459257018
-0.0773233943994236
-0.955055255522345
-0.9521145503869104
-0.19458345869817562
-0.12596639052079306
-0.6479554187398198
-0.09676096948804513
0.06269220818659216
0.8517305148011112
-0.799734110454533
-0.04011429130450761
-0.08375844879281069
0.23588284171118068
-0.4663213803450237
0.7263598221178875
0.15011643161383526
0.32070018082253493
0.3519946758516943
0.9084987634831245
0.4269810550050608
0.976478330938797
0.11401227362174193
-0.26631755885010877
0.04490984187721625
0.20840673506233798
-0.10535653128041766
0.18220825778902583
-0.3664498139286445
0.38936293615849094
0.19251990222976723
-0.23257942695028988
0.26863186942076034
0.10499887452293266
0.5522265970385762
0.1817578870598726
-0.07249203215286859
0.0676426364518159
-0.43516735814456053
-0.060895649134814045
0.8649865496379072
0.10636884095492327
0.5260812664051886
-0.04998047790907578
0.38614992610565224
-0.016843750137526037
-0.13333126174870902
-0.8677943431563411
0.09096099480336006
-0.014642893136979529
0.564307987698695
-0.2491247169179025
0.3014505858512537
-0.33709973710461316
-0.06282900128753433
0.07363315545283555
-0.5760379882055655
-0.4032507554281237
-0.9643959684291334
-0.592983748488042
-0.5257885754463214
-0.30343367521048803
0.356224699893688
-0.09030496851567493
0.278250077747608
0.9789523110401768
0.40466872220002625
-0.38546321589579047
-0.17090805178917168
0.16099110425459773
0.7673827633071906
0.1811448682880077
0.11402210908040167
0.1758751711114923
-0.20499559486010477
-0.10915648105523879
-0.5172553272955644
0.3445945671300257
-0.2922537152221609
0.4549103745516543
-0.33956537189077673
0.29702518493558516
-0.16304042424710108
-0.9923202377318732
-0.766487565934932
-0.9347359730369538
-0.7062688983566576
-0.15197843986707116
-0.4256637489318922
-0.25330098202772233
-0.645144310982277
-0.4672984828657749
-0.31393724991811545
0.6961125487855868
-0.22072775031302272
-0.568418783176635
0.18463403253999422
-0.42337610829140093
0.7674606927171894
-0.08589817078978768
0.10310037943679307
0.22149774950826928
-0.5655074233285902
0.848754794031773
-0.8719923474054398
0.07748051909785603
0.04405699281554809
-0.49013761338531037
-0.426640034865168
-0.2157662538708378
0.32807289748711455
-0.008620649578059414
-0.0016519483355814657
0.3537391257989517
-0.9124440526288773
-0.8407837181564182
0.6820757858603628
-0.15529942844952838
-0.36381419220163247
0.2822409059312223
0.11293943773752058
0.14225808474215618
0.6513522055158898
0.45857223493346644
0.5299269473175523
-0.08053821185427434
0.45617023947062263
-0.8719371286257735
0.03321043136331281
-0.41633420996692405
0.3401453955881846
0.2500717883432153
-0.1411523121733227
-0.044157804834726866
0.8719326888000916
0.0569712708741259
0.26260967843838223
-0.0779229208710579
0.09476320489369439
-0.42476964735548917
-0.31649433724065146
-0.6036681577171972
0.5680621210388124
0.42841333235575063
0.801918631763374
0.09511556025302204
0.958730401456338
-0.8439502704902788
-0.1509773750319927
0.005770494838752027
-0.482476581124069
-0.3612638305438072
0.0477186170190278
0.10011284385239794
0.9593804572248186
0.17768497475774425
-0.05485939131001727
0.5916112644920641
0.35666053111302576
0.07358316273969723
0.10559284913492872
0.3836827482844931
-0.692869268491251
0.24618351357001433
-0.6787382639860928
-0.1997005658146469
-0.7768539422497165
0.45110092799240054
-0.26882878862974624
0.4316257990871768
0.584966886141133
-0.32973414841258597
0.9078130815875618
0.5125672018873326
-0.20283511601367876
0.9244475543762738
0.7342603360806086
-0.9815839872091205
0.3046155632554748
0.6355959013010952
0.9664719753081947
0.3862316560298733
-0.1834970286252322
-0.7645775380232611
-0.05882093092701024
0.5336607155842619
0.47536309212143646
-0.42992501127692617
0.23892620536336695
-0.37442531447710126
-0.9737846180841419
-0.4355785766759719
-0.8855190380975866
0.20112636926568994
-0.10050416473463608
0.12322783187569097
0.34284775834144954
-0.9699090068970324
0.776420922867971
0.10793102134481725
-0.37263914547793586
0.28763006289629156
-0.38118162395917543
-0.35246509754135236
0.2308833526422338
0.13928199632728222
0.39479191596885954
0.9500294352089407
-0.8868409074188033
0.5469859320485659
-0.3066377597727872
0.36675769769472355
0.3974056392189813
0.08383347548020104
0.316208989281608
0.4120197072623586
0.3296934711705293
-0.2113735324486956
0.3354941074112241
-0.1171254233944583
0.1757927550732874
0.7020319065795557
-0.6358845425777042
-0.5159631550196808
-0.2786204609006746
-0.8832610400839886
0.2686713760128845
0.42811734253047784
-0.485011395311133
-0.047755087781921945
-0.5463012405227472
0.2854742121027023
0.46434605825864517
0.9020856563458406
0.05450812111160119
-0.34787722918261355
-0.6678911704892763
-0.1212358164131524
-0.027214244917242558
-0.17423812492274293
-0.2131035638367258
-0.20397856287171612
-0.09693898485169483
0.08329261044222536
-0.7599971832976662
0.03573517962045125
0.02486947704929232
-0.2615411071866709
0.1351338772787376
-0.04300218254421484
-0.0741340734202176
-0.8756888749052856
0.2514595009729925
0.631821786495983
0.06703835521079093
0.001138707891963131
0.17995799292727543
-0.5426946998376887
0.0539006705751679
0.6443148485808667
0.16308983859643789
-0.15142958095534675
0.4352720733836495
-0.6111866919464504
-0.15806523834173225
0.9554454013766671
-0.9197019274866141
