-0.5161643735416628
-0.46853376835969995
-0.4309699866839005
-0.11500367595603556
0.3881801839860466
0.45941154438089216
-0.2682865731062971
-0.12118196799096603
-0.3519261496468786
-0.04282464883924808
-0.3504256056288739
0.5134693132216179
0.3613922616286238
-0.4001483199913516
-0.8916157843309505
0.08487132434504008
0.1118364479253453
-0.01843206725977753
-0.322608916646564
-0.48762933959549626
0.37545426675016036
0.6173129053081565
0.8807378215195862
0.8660586626334443
-0.004720927256492313
-0.5291425773380496
-0.26234495291344206
0.09931430046051326
-0.25508841177176045
0.5010258417886699
0.009812350759356825
-0.6469261193651994
-0.3218524788774295
-0.1689841600861388
-0.3982760050852199
0.2296731972330004
-0.08210368089545095
0.3464992171778807
0.6825752283446549
0.18900426002207493
-0.09145502410514572
-0.2252883215095114
-0.9597977782282541
-0.21074953638719007
-0.4147959463580806
-0.08703033438259378
0.0521658813552881
-0.6633051476920282
-0.6890984554203237
-0.6347307978512133
-0.4535936051178169
-0.357307247591081
0.07871120403722442
-0.16580045735203885
-0.981321411579607
0.19093153527659634
-0.667883282691653
-0.46056324142360827
-0.3330281977495919
-0.25296342349329204
-0.6399739047783601
0.7479276071613854
0.031023018084622045
0.7351010836927483
-0.00996983109331806
-0.9435220491588479
0.0921836432495593
0.436170760017516
0.4653186661547444
-0.0044379605121813714
-0.40636641792870676
0.4074235072424168
0.3116301313294285
0.11287091184274711
-0.4850503550390739
-0.593984560911637
0.1189610573432005
-0.18243972216771365
0.03215259968025497
0.6996695999720588
0.40889832793981995
0.6133192041502697
0.09097664460579491
-0.15475924158540066
-0.22492527684462438
0.12888698237998053
-0.2075639606079398
0.019930555204706213
-0.01839440787958102
-0.9755401941884623
0.1516023660967054
0.5377413476138746
-0.27099063066568574
0.3385173205423062
-0.9268828896873911
-0.08789522421906071
0.29262844384814346
0.8734082838099584
0.9292675132113564
0.5341407308684254
-0.0013118392431297199
-0.23833675227764295
-0.42161349020863725
-0.5535158294110298
-0.3439861846680965
-0.03344900288994879
-0.7211980013586625
0.4836168208559186
0.020303156244222187
0.008346555617869011
-0.26105583555558365
0.42216645245850914
-0.17749503130615896
-0.05832083059873905
-0.390909938583353
0.4535974136041798
-0.21042260452703654
-0.7264643076348887
-0.9774206211480239
0.5704663447366507
0.24361130832693356
-0.18721137903305252
0.21740585895950604
-0.22185462570065195
-0.40128226987955995
0.6876210747178639
-0.3214817195184876
-0.6465328376929265
0.382279137448462
-0.12136782569955984
0.5976614383126215
0.5141972355871913
0.47822543832897657
0.8548056172000011
0.4512360876883523
-0.3855933870899344
-0.30317925620893615
0.5053903131812587
0.4292088465933117
-0.46839005354401664
0.3383472558191296
-0.291938384944769
0.17210055423806958
0.26689012332032336
0.9214214452562011
0.1067395647425049
0.11498564296410119
0.6388277123400046
-0.9031732004489439
0.13478745306231876
-0.44733850740687475
0.12437985544457186
-0.8508138102668537
-0.10086447677268784
-0.7286364101674061
-0.21188361252659083
0.5516555062942883
-0.6665863564368659
-0.3730075707567937
-0.4481576244761587
0.010118753569798411
0.26837632227224106
0.7002260060311525
0.4126027796950271
-0.046377250667374526
-0.38349357188205757
-0.9440592649506201
0.370123588991625
0.30937298762170595
0.3154993783663562
0.042524816593677794
-0.06685905470767706
-0.2915971962850028
0.02069915298472247
0.6298597252585287
0.9567843249547654
-0.7974289752738002
0.5872905118536513
0.060092318738353745
0.9734151953231696
-0.2727954192878983
0.8575863162960922
0.3184288143300902
0.6201899727888192
0.12001823032112102
-0.1732423423095928
-0.6667395961235099
-0.2436427093800908
-0.4498585032566489
-0.0011335551087101603
-0.5387754070658981
-0.01725784403875963
0.4848654889102768
0.12961719091294843
-0.19896493741292143
-0.13626777322720307
0.4603425677740114
-0.7134734234776938
0.065204322685251
-0.4347947912241137
-0.5190064259065315
-0.266545599746808
0.5074013650148914
0.8500476886105905
0.9899378010971993
0.3589006718025094
-0.24252606621590989
0.04837223277319569
-0.21669328167447954
0.24831623461842445
0.8430279787589798
-0.3092648260851911
-0.3693245005985777
-0.4689114504684597
-0.09680984815804883
0.1790420155668997
0.22422422822957366
0.965260091936162
0.44902541917750693
-0.683202665278311
0.04184034873494524
0.4648741069528264
-0.40302774974031874
-0.018857002862793237
-0.553366071619414
0.8300225293898928
-0.23946602268907657
0.009926504443462436
0.06339348363133768
-0.40904546373828743
0.3666104382659121
0.700459074254151
-0.6535122910821369
0.42582628551893054
0.9183328928660428
-0.2535838062025173
0.2555688735798882
-0.05420234585982331
0.5345853657138293
-0.1024795874714326
-0.05724782909002468
-0.33675541043003765
0.31391048460332516
0.14113797362923575
0.23886974916600145
-0.02700339989726519
0.7596809970972087
0.20227689095438262
0.5127582662600476
-0.2221462610925491
-0.24550282228652187
0.5621371390054966
-0.9964601390588288
-0.3222392812602195
0.0604889525372212
0.2768951470964205
0.02207634395248559
-0.3531167525117631
-0.5470117636000673
0.4066993522822093
-0.4859742028276173
0.93140592848086
0.7923417388870508
-0.43444776629778614
-0.18551416169570012
0.745737562933428
0.10674092225465182
0.11770713197835447
-0.47859319106270104
0.2300245275383732
0.9467092621674078
-0.39529225445062033
-0.1464882027374328
-0.6810183887010548
-0.9860908808724824
-0.4206957994023761
0.3532784782188225
-0.9424742674927844
-0.20976498251864029
-0.8783786674623228
-0.4293820430206987
0.09011482548899541
0.06659280071422269
0.07113408238416952
-0.9042596938435408
-0.038251334335842824
0.4246585869041519
0.5026671575454447
-0.796797873809469
-0.23836256802152467
0.2612168171053797
-0.21788544802841026
0.40621865960665327
0.45255913975693973
-0.9397325977116442
0.1599906782614431
-0.49221541741301444
0.03279896161716089
-0.12626752581522016
0.10607532749494197
0.2623855335568497
0.999102132884401
0.291341980032253
-0.28463385340282144
0.23775678405458867
-0.5593927989184941
0.11445689994824249
-0.13669600643609536
-0.958370745976163
0.1726853662835477
0.34728755966995317
-0.3949122699669434
0.11316478482392922
-0.24710653370628544
0.2739856312395108
-0.027825668271890258
-0.447868173655646
-0.09841423420659434
0.7796157837882149
-0.42877951896500477
0.24116346468645133
0.1522077037707561
0.9972954585764109
0.19032605819260184
-0.6012197818773417
0.5273468623501698
-0.5255134668415333
0.2830344980840023
0.7951496950712253
-0.12045919686978035
-0.41023075149326393
0.07489383714343245
-0.12758060284501993
0.4680213401778721
0.661523380184688
0.09861843986640673
0.48426710994451017
-0.5675874558455223
-0.30330539753551533
0.5457534334474052
0.17347064687581581
-0.5035254338021553
-0.0950525653544041
0.27558079501175214
0.6699265156686383
-0.26621133281844145
0.6034861540079788
-0.24733848851190343
-0.5261578161529963
-0.43002945062409137
0.14196259614718088
0.8694620347972413
0.17308408730679092
-0.3568239814697567
0.24324073949385783
0.4068537828287182
0.5923137819628159
-0.7009320496941267
-0.8606692914770384
0.825940151434513
0.3454784299550726
-0.8994879785440175
-0.8327556218321135
0.3741544884420427
-0.3308116933761118
-0.832939665957686
0.19608292915573866
0.02702135900957847
0.35768771094904417
-0.0802999035171299
0.5811710203317506
-0.0005651946782323503
0.19650349466640282
-0.8069235805361876
-0.745237113597276
-0.8310805012111249
-0.9877447874224401
-0.01851458988262622
0.10854204902103559
0.0436057542473649
0.7358293834365872
0.017379117150809975
-0.36393101492861524
-0.2132995924559722
0.13607128928635803
0.8208276554803196
-0.2873761371031538
-0.3086743085699748
0.3929333100120451
-0.24815384953517228
-0.39378528500648247
0.6677421871253151
0.6602869005254586
-0.010361557933169285
0.47072456192359136
0.5632150131265434
-0.03935264379779557
0.6269774511173336
-0.36127672887117335
-0.4667352393055735
-0.20496450385086962
0.9641172750182962
0.0913357966559476
-0.5697672807740704
0.5925970477364659
0.11994408132794332
0.3174447343691549
-0.06852415177633198
-0.028168704514637266
0.8241512530593629
0.2766443279106894
-0.42265787895942575
-0.219819832339891
0.27983206441700825
0.41027667563756887
0.14647014176506246
0.48765777186513537
0.8958688477462666
0.5386539615470429
0.15302206269132124
0.6261727726679176
-0.7265616309471994
-0.7322236581989148
-0.9933407746330636
0.261845868902427
0.13253468382217704
0.33153771501484663
0.6247068917999121
0.049921886795971426
0.18178524602708368
-0.7117735154247846
-0.2678179237095508
0.9967921258579338
-0.7851470547749948
-0.365870666925074
-0.7000638929180463
0.1839729839162081
0.8685655526219829
-0.874980767626613
-0.8459950637418836
-0.10273068439924637
0.0022182686282046227
-0.41328706640974966
0.9703631855899415
-0.9020162762841111
0.4296956181066205
-0.02545013938232299
-0.02692514459486528
0.15724778414935092
-0.10881162567384628
0.0820649256352124
-0.029967800174929282
0.17346591085054142
0.4809851495540658
0.01826707754388801
-0.5575939156122458
-0.24762268333006543
0.09739668624451636
0.3548377374271281
0.6149145274428083
0.032823708938591656
-0.0232658686399434
0.6883423458313427
-0.6950162265262847
-0.46630485007573585
0.3344306547130267
-0.4174198529061133
-0.03490431784516779
0.6384660625247991
-0.21252897256507386
0.21009737393417138
0.1390659959631888
0.21624412927655245
-0.4279948295166802
-0.2251825607941953
-0.3085479958740509
0.027697859846859352
0.09080183653342266
0.2770260792058017
-0.04922406730745488
0.5610254414725286
0.03680431454088051
-0.10155063107753248
-0.4389014819746957
-0.7421817670031061
-0.19532809513467297
0.49792427821770935
-0.9301032031051049
-0.7490106869258397
-0.2339728986252878
0.4234055710732192
-0.6625831458012648
-0.33956075024322274
-0.1851339052554002
-0.07644983141552042
-0.23320814269389278
-0.25939022313507376
0.5727717768464986
0.1628205757779384
0.7056272644791508
0.016964144124236524
0.5688662927263375
0.08756493387595876
-0.980607097156244
-0.9400913692057271
-0.28969436832827156
-0.2586239637125418
-0.7543178850033052
-0.11109019759141003
0.06314136667115822
0.785381426234399
-0.621171496028341
0.07629392799867207
-0.1152791964484643
0.06977833655384647
-0.4338945460277981
0.7220206048133504
0.2684292150482228
0.4110884234418759
0.35295757221091373
0.9789612150897258
0.39554230211787345
0.9338535087732007
-0.03249707140888103
-0.3192274610232919
-0.10850899581732798
0.2753893387846791
-0.053024063644015795
0.3108594277910153
-0.3989461745013074
0.27185411096188217
0.216878946765531
-0.3904293183790639
0.09461820780322339
0.06816500695102135
0.3895367636074356
0.30366745712436605
0.06404280914865113
0.13002562644339477
-0.49833810656801525
-0.02228340336935042
0.9830195508468575
0.19780425024450277
0.622328608452321
-0.14222728830178544
0.30938331919073847
-0.13283671441007017
-0.011152071634786376
-0.9110310818221139
-0.13308199360905615
0.08589545391838782
0.5379703469487558
-0.29252883458343226
0.5047900873452218
-0.4186306481291975
-0.10704844634754584
-0.016677760096511784
-0.6001164788517563
-0.4948540500111931
-0.8981636652405305
-0.5804899691245173
-0.6971434830805159
-0.21115867567186197
0.5054398569717096
-0.2552519792058263
0.4940490523103025
0.9415592246623454
0.4848541097798684
-0.3657254653510016
-0.3197628159575989
-0.019508523723116733
0.6320826758218017
0.12335246030807467
0.032532548510131765
0.10770079729522908
-0.07294472032024046
0.016151252495341772
-0.6028242899644864
0.22684578775894448
-0.3080555046262854
0.36254963788441197
-0.4050238453417203
0.23504855411088177
-0.1452340316279186
-0.9765285917848767
-0.8642148621206909
-0.9927350399433286
-0.7131767946381955
-0.22247927871974005
-0.3546521564320013
-0.20508043396612408
-0.7372020096755827
-0.3376500746765172
-0.3140010678264953
0.8834849781154395
-0.22590413356238348
-0.6417369825963695
0.11784266084858785
-0.4215366240978229
0.7586032037365691
0.02346737236570462
0.044903680944142765
0.3375430813509388
-0.6357150348278386
0.7971466184847353
-0.9169224597454739
-0.06289823974937225
-0.00558144700658425
-0.36642067507664766
-0.4151641163077493
-0.3371154948917352
0.35533069586782995
0.17122555251845917
-0.08289191562758735
0.4352399749623488
-0.9988133383058391
-0.7035060504979551
0.6952104317408039
-0.1326782094211174
-0.40682439343120724
0.2460221306869148
0.08213766642511633
0.10129529093627543
0.665517947172662
0.39807211730757075
0.6058817559482321
-0.15106753468665057
0.4256268478870924
-0.8509027771165554
-0.08414245166246714
-0.6411853250493698
0.49349455449215873
0.36888996140310115
-0.01277051826061526
-0.005196864950882452
0.8976476379320042
-0.0824867473510511
0.2512175889745081
-0.01449856924920323
0.2777403960924456
-0.3849363267592705
-0.2863687763284839
-0.6573253870296438
0.7801289562329976
0.43285320580999254
0.8014433334688322
0.1185129587838496
0.9353884848520897
-0.7138988509130351
-0.04702940739528105
0.06471439556583802
-0.514112782676504
-0.3425578940032825
0.12675411824889715
0.06059853148079264
0.9983030538075872
0.22587109249762127
-0.12033183227600763
0.6296626773235727
0.34434356192141813
0.006671848827276783
0.12455831193085443
0.26407746532041476
-0.750290554227093
0.3336461421800667
-0.8511057412464493
-0.256240299999851
-0.7190306992846338
0.594989752048853
-0.3688398094031311
0.6233472924973165
0.5333506882633829
-0.3623660882568984
0.9501835247627592
0.39109360490525424
-0.2530590942303783
0.9666044050879725
0.6692748621346025
-0.8749428113775108
0.4257186519050835
0.4690802530150908
0.9494154098283436
0.3197727823716696
-0.13223300039460084
-0.7753223505592608
0.10381992021652175
0.5377546471927768
0.781952341307997
-0.3696460485845847
0.08639928136958885
-0.3072639854427539
-0.9980455855426931
-0.5362732834098132
-0.8723492982927912
0.15940919819127575
-0.026222769585301453
0.18568288051760695
0.4610762523551113
-0.8723066798932269
0.6796501677809028
0.2060598133436633
-0.48719990804322744
0.35449776464462324
-0.5125706576922513
-0.3604556797053069
0.2796685850048106
0.19607219300930612
0.3743007813902357
0.9543381969010158
-0.9562765661857247
0.7572390122137664
-0.25156415580935376
0.5495964072462769
0.40055665483509206
0.17294736972280877
0.23446270311132134
0.2848623072748484
0.173360225995987
-0.20141550646832318
0.3489965626166611
-0.1418905900695413
0.0631600007866504
0.6719395701182092
-0.8689539122851944
-0.6231404145711321
-0.27458680760236387
-0.9701337866322417
0.1655171204671626
0.4303517797982708
-0.5534526495137648
-0.06486736543540883
-0.7068332973269928
0.21987258137555132
0.4585212421703093
0.9998049764100712
0.031796796097199875
-0.3359436898855128
-0.8120408234366623
-0.1880662687084016
0.05902496780168409
-0.025276906802213617
-0.1721372003195878
-0.2181239124344072
-0.12273068418882582
0.14796956302048714
-0.7295636809838737
0.023534231622882817
0.04781225043933213
-0.36281112586343367
0.2773079311116491
0.03283618303622848
0.004037817239868735
-0.9165696246720652
0.1481282664562933
0.681062251874093
0.1016671702562042
0.22269016010289477
0.16058637900681672
-0.6374938056294908
0.056048482500635544
0.5871019763844587
0.08690960648650292
-0.16281307266826262
0.34497076996057685
-0.6455879551224062
-0.03649472186200131
0.9752364868103822
-0.9290524715818163
